dists	A	B	C	D	E	F	G	H	I	J
A	0.0	10.0	20.0	20.0	50.0	50.0	60.0	60.0	90.0	90.0
B	10.0	0.0	30.0	30.0	60.0	60.0	70.0	70.0	90.0	90.0
C	20.0	30.0	0.0	0.0	30.0	30.0	60.0	60.0	90.0	90.0
D	20.0	30.0	0.0	0.0	30.0	30.0	60.0	60.0	90.0	90.0
E	50.0	60.0	30.0	30.0	0.0	0.0	60.0	60.0	90.0	90.0
F	50.0	60.0	30.0	30.0	0.0	0.0	60.0	60.0	90.0	90.0
G	60.0	70.0	60.0	60.0	60.0	60.0	0.0	0.0	30.0	30.0
H	60.0	70.0	60.0	60.0	60.0	60.0	0.0	0.0	30.0	30.0
I	90.0	90.0	90.0	90.0	90.0	90.0	30.0	30.0	0.0	10.0
J	90.0	90.0	90.0	90.0	90.0	90.0	30.0	30.0	10.0	0.0
